010 01
010 03
010 04
010 07
010 08
010 09
010 14
010 15
013 01
013 02
013 03
013 04
013 05
013 06
013 11
013 12
013 13
013 14
013 15
013 18
013 19
013 22
013 23
013 24
013 25
013 31
013 32
013 41
013 42
013 51
013 52
013 53
013 54
013 55
013 56
013 61
013 62
014 01
015 01
017 01
017 04
017 05
017 06
017 07
018 01
018 02
018 03
018 12
018 13
018 15
018 16
018 17
018 21
018 22
018 26
018 31
018 32
018 35
018 41
018 51
018 52
018 53
018 54
018 55
018 56
018 57
018 61
018 63
018 64
019 01
020 01
020 51
020 52
020 53
020 54
020 55
020 61
020 62
020 63
020 64
020 71
020 72
022 01
022 04
023 01
023 02
023 03
023 04
023 05
023 11
023 12
023 13
023 14
023 21
023 22
023 31
023 32
023 33
023 34
023 35
023 36
023 41
023 45
023 51
023 52
023 53
023 54
023 55
023 56
023 57
024 01
024 04
026 01
027 05
027 12
027 13
027 21
027 32
027 41
027 42
027 43
027 44
027 51
027 53
027 54
027 55
028 01
029 01
029 41
029 42
029 43
029 44
029 45
029 46
029 47
029 51
029 52
029 53
029 54
029 55
029 56
029 57
029 62
029 63
029 64
031 01
031 04
031 05
032 02
032 03
032 04
032 05
032 11
032 12
032 13
032 14
032 15
032 21
032 23
032 31
032 32
032 33
032 34
032 42
032 44
032 61
033 01
034 01
034 03
034 06
034 71
034 72
034 73
034 74
034 81
034 82
034 83
034 84
034 91
034 92
034 95
034 96
036 01
038 02
038 03
038 04
038 11
038 12
038 15
038 21
038 22
038 23
038 31
038 35
038 40
038 41
038 42
038 43
038 44
038 45
038 46
038 47
038 48
038 51
038 52
038 53
038 54
038 61
039 01
040 01
040 11
040 12
040 13
040 14
040 15
040 16
040 17
040 18
040 22
040 23
044 01
044 02
044 05
044 10
044 11
044 12
044 13
044 14
044 15
044 16
044 17
044 18
044 19
044 20
044 21
044 23
044 24
044 25
044 26
044 31
044 32
044 41
044 42
044 43
044 44
044 45
044 47
044 54
044 55
044 57
044 58
044 61
044 65
044 71
044 73
044 74
044 81
045 01
048 01
049 01
049 11
049 12
049 13
049 14
049 16
049 18
049 21
049 22
049 23
049 24
049 25
049 26
049 31
049 32
049 34
049 35
049 36
049 41
049 42
049 43
049 44
049 45
049 51
049 52
049 55
049 61
049 62
049 64
049 71
049 73
050 01
052 01
052 05
053 01
053 02
053 03
053 04
053 05
053 06
053 11
053 13
053 14
053 15
053 21
053 22
053 23
053 31
053 32
053 33
053 34
053 40
053 42
053 51
053 61
053 62
053 63
053 71
053 73
053 75
053 76
054 01
055 01
055 51
055 52
055 61
055 62
055 63
055 64
055 65
055 66
055 71
056 01
058 01
059 01
059 02
059 04
059 06
059 07
059 11
059 12
059 13
059 14
059 16
059 17
059 18
059 19
059 21
059 31
059 34
059 35
059 36
059 37
059 38
059 39
059 40
059 41
059 42
059 51
059 52
059 54
059 55
059 56
059 60
059 71
059 72
059 73
059 76
059 78
059 79
059 81
059 83
059 84
059 85
059 86
059 91
059 92
059 93
059 94
059 95
060 01
061 01
062 01
064 01
065 01
065 02
065 03
065 11
065 12
065 22
065 31
065 32
065 33
065 34
065 41
065 42
065 43
065 44
065 45
065 46
065 48
066 01
067 01
067 02
067 04
067 11
067 12
067 13
067 16
067 22
067 23
067 24
067 31
067 32
067 33
067 34
067 35
067 41
067 45
067 52
067 61
067 65
067 66
067 67
067 68
067 71
067 72
067 73
067 77
067 81
067 82
067 83
068 01
069 01
071 01
072 01
072 02
072 03
072 04
072 05
072 06
072 11
072 13
072 14
072 15
072 16
072 17
072 21
072 22
072 23
072 31
072 32
072 33
072 34
072 36
072 37
072 41
072 42
072 43
072 44
072 51
072 52
072 53
072 54
072 55
072 61
072 62
072 63
072 64
073 01
075 01
076 01
076 02
076 03
076 05
076 12
076 13
076 14
076 15
076 16
076 17
076 22
076 31
076 32
076 33
076 34
076 35
076 36
076 37
076 41
076 42
076 43
076 51
076 52
076 53
076 61
076 62
076 64
076 71
076 72
076 74
076 75
076 77
076 81
076 82
076 83
076 84
077 01
078 01
079 01
080 01
080 05
080 06
082 01
082 03
082 04
082 05
082 06
082 07
082 12
082 13
082 14
082 15
082 16
082 21
082 22
082 32
082 33
082 35
082 36
082 37
082 38
082 41
082 42
082 43
082 44
082 52
082 53
082 56
082 57
082 61
082 63
082 66
082 67
082 71
082 73
082 74
082 75
082 76
083 01
085 01
086 01
086 02
086 04
086 05
086 06
086 11
086 12
086 14
086 21
086 22
086 31
086 33
086 35
086 36
086 37
086 41
086 42
086 43
086 44
086 45
086 46
087 01
089 01
090 01
090 02
090 03
090 05
090 11
090 16
090 21
090 22
090 23
090 24
090 31
090 32
090 33
090 34
090 41
090 42
091 01
093 01
093 02
093 03
094 01
094 02
094 03
094 04
094 05
094 06
094 07
094 08
094 09
094 12
094 13
094 14
094 15
094 21
094 22
094 23
094 31
094 33
094 34
094 35
811 01
811 02
811 03
811 04
811 05
811 06
811 07
811 08
811 09
820 01
821 01
821 02
821 03
821 04
821 05
821 06
821 07
821 08
821 09
830 00
830 05
830 06
830 07
831 01
831 02
831 03
831 04
831 06
831 07
831 51
831 52
831 53
831 54
831 55
840 02
840 08
840 09
841 01
841 02
841 03
841 04
841 05
841 06
841 07
841 08
841 10
850 00
850 09
851 01
851 02
851 03
851 04
851 05
851 06
851 07
851 10
900 01
900 21
900 23
900 24
900 25
900 26
900 27
900 28
900 29
900 31
900 32
900 33
900 41
900 42
900 43
900 44
900 45
900 46
900 50
900 51
900 52
900 53
900 54
900 55
900 61
900 62
900 63
900 64
900 65
900 66
900 67
900 68
900 81
900 82
900 83
900 84
900 85
900 86
900 88
900 89
900 90
900 91
901 01
902 01
902 03
903 01
905 01
906 02
906 03
906 04
906 05
906 06
906 07
906 11
906 12
906 13
906 14
906 15
906 21
906 22
906 23
906 31
906 32
906 33
906 34
906 35
906 36
906 37
906 38
906 45
907 01
907 03
908 01
908 41
908 42
908 43
908 44
908 45
908 46
908 47
908 48
908 49
908 51
908 61
908 62
908 63
908 64
908 65
908 71
908 72
908 73
908 74
908 75
908 76
908 77
908 78
908 79
908 80
908 85
909 01
911 01
911 05
911 06
911 08
913 03
913 04
913 05
913 07
913 08
913 11
913 21
913 22
913 23
913 24
913 25
913 26
913 31
913 32
913 33
913 36
913 38
914 01
914 41
914 42
914 43
914 51
915 01
916 01
916 11
916 12
916 13
916 14
916 16
916 21
916 22
916 23
916 24
916 25
916 26
916 27
916 31
916 32
916 33
916 35
916 37
916 38
916 41
916 42
917 01
917 02
917 05
917 08
919 01
919 02
919 03
919 04
919 05
919 07
919 08
919 09
919 10
919 21
919 22
919 23
919 24
919 25
919 26
919 27
919 28
919 29
919 30
919 31
919 32
919 33
919 34
919 35
919 42
919 43
919 51
919 52
919 53
919 54
919 55
919 61
919 65
920 01
920 03
920 41
920 42
920 52
920 55
920 56
920 61
920 62
920 63
920 64
920 65
920 66
921 01
922 01
922 02
922 03
922 04
922 05
922 06
922 07
922 08
922 09
922 10
922 11
922 21
922 31
922 41
922 42
924 01
925 01
925 02
925 03
925 04
925 05
925 06
925 07
925 08
925 09
925 21
925 22
925 23
925 26
925 27
925 28
925 32
925 41
925 42
925 45
925 51
925 52
925 53
925 54
925 55
925 62
925 63
925 71
925 72
925 81
925 82
925 83
925 84
925 85
925 91
925 92
926 01
927 01
927 05
929 01
930 01
930 02
930 03
930 04
930 05
930 06
930 07
930 08
930 10
930 11
930 12
930 13
930 14
930 16
930 21
930 25
930 28
930 30
930 31
930 32
930 33
930 34
930 35
930 36
930 37
930 38
930 39
930 40
930 41
930 51
930 52
931 01
932 01
934 01
934 05
935 02
935 03
935 04
935 05
935 06
935 21
935 22
935 23
935 24
935 25
935 26
935 27
935 29
935 31
935 32
935 33
935 34
935 35
935 36
935 37
935 38
935 39
935 41
935 51
935 52
935 55
935 56
935 57
935 61
935 62
935 63
935 64
935 65
935 66
935 67
935 68
935 69
935 71
935 74
935 75
935 77
935 81
935 82
935 84
935 85
935 86
935 87
936 01
937 01
940 02
941 01
941 02
941 03
941 04
941 05
941 06
941 07
941 10
941 11
941 21
941 22
941 23
941 31
941 32
941 33
941 34
941 35
941 36
941 37
941 41
941 42
941 43
941 44
941 45
941 46
941 47
941 48
941 49
941 50
941 51
941 62
942 01
943 01
943 04
943 42
943 52
943 53
943 54
943 55
943 56
943 57
943 58
943 59
943 60
943 61
943 65
945 01
945 04
945 05
946 01
946 02
946 03
946 12
946 13
946 14
946 15
946 16
946 17
946 19
946 21
946 31
946 32
946 33
946 34
946 35
946 36
946 37
946 38
946 39
946 51
946 52
946 54
946 55
946 56
946 57
947 01
947 03
949 01
949 05
949 07
949 11
951 01
951 02
951 03
951 04
951 05
951 06
951 07
951 08
951 12
951 13
951 15
951 16
951 17
951 21
951 22
951 23
951 24
951 25
951 26
951 31
951 32
951 33
951 34
951 35
951 36
951 37
951 41
951 42
951 43
951 44
951 45
951 46
951 48
951 51
951 52
951 53
951 54
951 61
951 62
951 71
951 72
951 73
951 74
951 75
951 76
951 77
951 78
951 81
951 82
951 85
951 87
951 88
951 91
951 92
951 93
951 94
951 95
951 96
951 97
952 01
953 01
953 05
955 01
955 03
956 01
956 02
956 03
956 05
956 06
956 07
956 08
956 11
956 12
956 13
956 14
956 15
956 16
956 17
956 18
956 19
956 21
956 22
956 31
956 32
956 33
956 34
956 35
956 36
956 37
956 38
956 41
956 52
956 53
956 54
956 55
957 01
957 03
957 04
958 01
958 03
958 04
958 06
958 41
958 42
958 43
958 44
958 45
958 52
958 53
958 54
960 01
962 01
962 02
962 04
962 05
962 12
962 21
962 23
962 25
962 31
962 33
962 34
962 37
962 41
962 43
962 44
962 51
962 52
962 55
962 61
962 62
962 63
962 65
962 66
962 68
962 71
962 75
963 01
965 01
966 01
966 02
966 03
966 04
966 11
966 15
966 21
966 22
966 23
966 24
966 41
966 42
966 51
966 52
966 53
966 54
966 61
966 63
966 71
966 74
966 77
966 78
966 81
967 01
968 01
969 01
969 72
969 73
969 81
969 82
971 01
972 01
972 02
972 05
972 11
972 12
972 13
972 14
972 15
972 16
972 17
972 21
972 22
972 23
972 24
972 25
972 26
972 27
972 28
972 29
972 31
972 32
972 41
972 42
972 43
972 44
972 45
972 46
972 47
972 48
972 51
972 71
974 01
974 04
974 05
974 05                                    
974 09
974 11
976 02
976 03
976 11
976 13
976 31
976 32
976 33
976 34
976 37
976 39
976 44
976 45
976 46
976 51
976 52
976 53
976 55
976 56
976 57
976 61
976 62
976 63
976 64
976 66
976 67
976 68
976 69
976 71
976 73
976 75
976 81
976 96
976 97
976 98
977 01
977 03
979 01
980 01
980 02
980 03
980 04
980 11
980 12
980 13
980 21
980 22
980 23
980 25
980 26
980 31
980 32
980 33
980 34
980 35
980 41
980 42
980 43
980 44
980 45
980 46
980 50
980 51
980 52
980 53
980 54
980 55
980 61
981 01
982 01
982 51
982 52
982 62
982 65
982 66
982 67
984 01
984 03
985 01
985 02
985 03
985 05
985 06
985 07
985 11
985 12
985 13
985 22
985 24
985 25
985 26
985 31
985 32
985 41
985 42
985 45
985 51
985 52
985 53
985 54
985 56
985 57
985 58
985 59
986 01
987 01
990 01
991 01
991 02
991 03
991 05
991 06
991 07
991 08
991 09
991 10
991 11
991 21
991 22
991 23
991 24
991 25
991 26
991 27
991 28
991 35
991 41
991 42
992 01